sn2009er	587739407338373817	234.86937859	24.43254858	4576	40	4	743	GALAXY	24.04423	23.287918	22.677637	22.187231	20.992441
sn2007I	587725041702404300	179.8047164	-1.60447066	1231	40	6	70	GALAXY	19.114479	17.972797	17.580696	17.347725	17.232594
sn2008an	587730842063405225	264.61700937	61.03727971	2582	40	2	187	GALAXY	20.943214	20.966286	21.215702	21.434353	21.588465
sn2005bf	587724648172814502	155.98591536	-3.18965486	1140	40	1	21	GALAXY	17.932692	17.355709	16.611774	16.951197	16.405624
sn2006fo	588015509822963734	38.15976784	0.61623962	3325	41	5	363	GALAXY	22.348181	21.386227	21.323656	21.30114	20.655037
sn2004ao	758882759065337901	262.04063295	7.41600548	6105	648	2	66	GALAXY	28.947653	17.624207	17.957788	18.831766	16.836361
sn2007rz	758884515168977096	67.79270462	7.630868	6514	648	1	49	GALAXY	16.068132	14.51904	13.617907	13.188537	12.871778
sn2007bg	587732134847447448	177.35739456	51.82380102	2883	40	2	170	GALAXY	23.587896	23.651213	21.933229	22.332142	20.282827
sn2005nb	587738570850369571	183.40604542	16.12168973	4381	40	6	85	GALAXY	19.191069	24.761688	15.513522	16.460638	15.408041
sn2008cw	587729653421834467	248.15898944	41.45855464	2305	40	4	44	GALAXY	17.897427	17.017138	16.78414	16.655804	16.593344
sn2005kf	587731520660242623	116.86009648	26.92569618	2740	40	2	65	GALAXY	18.53694	17.113728	16.517616	16.134539	15.900704
sn2006ck	587722981747720381	197.41663021	-1.05078093	752	40	1	360	GALAXY	22.323616	21.824991	22.004477	21.428726	20.491117
sn2006aj	587740552452440446	50.41538649	16.86714935	4843	40	1	261	GALAXY	21.295961	20.403868	20.256094	20.034435	19.883915
sn2005eo	587731886270513305	119.80630558	32.92018163	2825	40	3	83	GALAXY	19.661417	18.907608	18.836943	18.796642	18.712593
sn2004gk	588017566027284549	186.38751252	12.26055257	3804	41	3	191	GALAXY	15.691293	14.479558	13.911099	13.604127	13.409705
sn2005mf	587731681194148026	137.17393909	44.81571226	2777	40	5	210	GALAXY	21.633615	22.358339	22.241009	22.892153	21.259417
sn2007cl	587730842066485601	267.08427288	54.14948141	2582	40	2	234	GALAXY	18.599133	18.437222	17.12483	17.210531	17.473886
sn2006lc	587731186195628090	341.10153235	-0.16209964	2662	40	3	156	GALAXY	15.146719	13.433137	12.611291	12.190209	11.85426
