sn2004dk 	22.6080533396 	0.1578 	0.18 	0.11 	0.309121654333486 	
sn2004dn 	54.5315694884 	0.0482 	0.52 	0.13 	0.233888990740687 	
sn2004fe 	77.6899508385 	0.0244 	0.29 	0.11 	0.226367628727912 	
sn2004ff 	96.8816877998 	0.0327 	0.27 	0.15 	0.289432849295002 	
sn2004ge 	67.186262594 	0.0877 	0.88 	0.15 	0.145768551184138 	
sn2004gk 	2.6 	0.0287 	0.03 	0.003 	0.387403729486054 	
sn2004gq 	26.7260551135 	0.0729 	0.18 	0.11 	0.145526974456444 	
sn2004gt 	23.6013560755 	0.0463 	0.046 	0.005 	0.263809685762907 	
sn2004gv 	86.7032040016 	0.0333 	0.033 	0.003 	0.194154962479136 	
sn2005az 	37.774282659 	0.0113 	0.43 	0.11 	0.262541919151995 	
sn2005eo 	78.6054589161 	0.068 	0.57 	0.2 	0.362852529444683 	
sn2005hg 	92.8052824401 	0.1047 	0.58 	0.13 	0.233761498382428 	
sn2005la 	8.01248502445 	0.0116 	0.011 	0.001 	0.295682646045843 	
sn2005mf 	82.230639969 	0.0178 	0.38 	0.12 	0.233820069520269 	
sn2005nb 	103.72786516 	0.0372 	0.037 	0.004 	0.302604225817358 	
sn2006ck 	106.467991779 	0.0285 	0.028 	0.003 	0.282805289946623 	
sn2006el 	74.5977956008 	0.1131 	0.19 	0.12 	0.21858251559708 	
sn2006fo 	90.236570125 	0.0291 	0.029 	0.003 	0.226305934221636 	
sn2006jc 	24.0074150961 	0.0201 	0.02 	0.002 	0.387292167025755 	
sn2007C 	25.4031474356 	0.0422 	0.64 	0.12 	0.262508943641661 	
sn2007D 	101.00794263 	0.335 	0.91 	0.13 	0.315512776219748 	
