;ut Date  JD -2453000	Epochb  	B		V		R		I	Telescope	Seeingc (arcsec)
;			wrt Bmax
04/03/21	85.8	-2.6	 	18.12    0.04	17.47    0.04	17.19    0.04	16.97    0.05	KAIT	2.24
04/03/23	87.8	-0.6	 	18.08    0.03	17.36    0.04	17.07    0.02	16.77    0.03	KAIT	2.64
04/03/24	88.8	0.4	 	18.06    0.12	17.32    0.11	16.97    0.06	16.78    0.11	KAIT	2.58
04/03/24d	89.4	1.0	 	18.07    0.06	17.29    0.04	17.01    0.04	16.71    0.04	TNG	1.38
04/03/26	90.9	2.5	 	99.9	 99.9	17.31    0.03	16.93    0.06	16.63    0.04	KAIT	2.69
04/03/28	92.8	4.4	 	18.38    0.07	17.32    0.04	16.91    0.04	16.60    0.04	KAIT	3.90
04/03/28	93.1	4.7		18.24    0.06	17.31    0.03	16.87    0.03	16.52    0.02	SSO	2.62
04/03/29	93.8	5.4	 	18.39    0.04	17.35    0.04	16.92    0.04	16.54    0.04	KAIT	2.44
04/03/29	94.1	5.7		18.35    0.05	17.37    0.06	16.91    0.04	16.54    0.07	SSO	2.20
04/03/29	94.5	6.1	 	18.42    0.11	17.44    0.06	16.99    0.06	16.54    0.06	Ekar	3.16
04/03/30	94.8	6.4	 	18.43    0.10	17.33    0.06	16.91    0.07	16.53    0.07	KAIT	2.48
04/03/30	95.5	7.1	 	18.52    0.10	17.38    0.06	16.88    0.04	16.43    0.05	WD	1.57
04/03/30	95.5	7.1	 	99.9	 99.9	17.43    0.16	99.9	 99.9 	16.54    0.06	NOT	0.75
04/03/31	95.8	7.4	 	18.53    0.08	17.43    0.06	16.92    0.03	16.54    0.04	KAIT	2.32
04/03/31	96.5	8.1		18.58    0.04	17.32    0.05	16.85    0.04	16.40    0.05	NOT	0.96
04/04/01	96.8	8.4	 	18.56    0.12	17.44    0.05	16.95    0.04	16.56    0.05	KAIT	3.08
04/04/01	97.4	9.0	 	18.81    0.08	17.34    0.08	16.88    0.03	16.42    0.03	WD	1.82
04/04/07	102.8	14.4	 	99.9	 99.9	17.69    0.06	17.04    0.04	16.58    0.04	KAIT	2.44
04/04/07	103.3	14.9	 	19.14    0.05	17.71    0.05	17.07    0.05	16.59    0.05	Caha	1.34
04/04/07d	103.5	15.1		19.25    0.08	17.73    0.11	17.04    0.05	16.56    0.10	TNG	1.93
04/04/09	104.8	16.4	 	19.25    0.07	17.82    0.03	17.10    0.05	16.65    0.03	KAIT	2.24
04/04/12	107.8	19.4	 	19.47    0.11	18.02    0.15	17.26    0.05	16.71    0.05	KAIT	2.74
04/04/12	108.3	19.9	 	19.49    0.06	17.97    0.03	17.23    0.03	16.71    0.03	Caha	1.47
04/04/14d	109.6	21.2	 	19.54    0.11	18.01    0.04	17.27    0.04	16.74    0.04	Caha	1.91
04/04/14d	110.4	22.0	 	19.60    0.03	18.07    0.03	17.33    0.04	16.77    0.05	Caha	1.14
04/04/16	111.8	23.4	 	19.67    0.12	18.15    0.05	17.41    0.04	16.88    0.03	KAIT	2.84
04/04/17	113.4	25.0	 	19.77    0.15	18.22    0.07	17.49    0.06	16.93    0.05	Caha	3.70
04/04/18	114.5	26.1		19.95    0.04	18.30    0.03	17.55    0.03	99.9	 99.9 	NOT	0.86
04/04/20	116.4	28.0		19.96    0.06	18.35    0.03	17.61    0.03	17.00    0.03	NOT	0.69
04/04/20	116.4	28.0	 	19.99    0.05	18.42    0.04	17.65    0.03	17.03    0.04	Caha	1.09
04/04/21	117.4	29.0	 	20.17    0.15	18.44    0.05	17.67    0.07	17.03    0.07	Ekar	2.30
04/04/21	117.5	29.1	 	20.02    0.05	18.46    0.04	17.68    0.04	17.05    0.05	Caha	1.57
04/04/23	118.6	30.2	 	20.04    0.09	18.47    0.07	17.71    0.07	17.08    0.04	Caha	2.92
04/04/23d	119.4	31.0	 	20.09    0.09	18.52    0.06	17.74    0.04	17.12    0.05	Caha	1.84
04/04/24	119.8	31.4	 	20.05    0.11	18.57    0.07	17.78    0.05	17.15    0.05	KAIT	2.46
04/04/24d	120.5	32.1		20.14    0.05	18.58    0.04	17.80    0.03	17.13    0.03	Caha	1.35
04/04/25d	121.5	33.1	 	20.20    0.07	18.64    0.03	17.83    0.03	17.16    0.04	Caha	1.30
04/04/29	124.8	36.4	 	20.49    0.43	18.86    0.20	17.99    0.06	17.29    0.08	KAIT	3.18
04/05/04	129.8	41.4	 	20.37    0.41	18.75    0.11	18.05    0.08	17.33    0.06	KAIT	2.68
04/05/06d	132.5	44.1		20.53    0.06	18.97    0.04	18.15    0.02	17.52    0.04	TNG	1.05
04/05/09	134.8	46.4	 	20.47    0.19	19.01    0.09	18.25    0.08	17.53    0.06	KAIT	2.54
04/05/11d	137.4	49.0		20.63    0.07	19.09    0.03	18.29    0.02	17.62    0.03	WHT	1.38
04/05/13	138.7	50.3	 	20.51    0.17	19.05    0.08	18.31    0.06	17.59    0.06	KAIT	2.20
04/05/13	139.4	51.0	 	20.65    0.11	19.16    0.05	18.32    0.04	99.9	 99.9 	Ekar	2.06
04/05/20	145.7	57.3	 	99.9	 99.9	19.15    0.07	18.44    0.05	17.77    0.09	KAIT	2.08
04/05/27	152.7	64.3	 	99.9	 99.9	19.32    0.16	18.63    0.10	17.81    0.10	KAIT	2.18
04/06/03	159.7	71.3	 	99.9	 99.9	19.33    0.25	18.57    0.12	17.91    0.08	KAIT	2.68
04/12/06	346.7	258.3		23.45    0.34	22.70    0.37	21.26    0.23	20.84    0.12	TNG	1.43
05/03/06	436.7	348.3	 	99.9	 99.9	99.9	 99.9	22.27    0.44	99.9	 99.9 	VLT	1.76