#jd epoch U dU B dB V dV R dR I dI z dz 
2451481.55 19.876 .108 20.626 .058 20.414 .057 20.164 .064 19.816 .101 19.946 .208
2451482.58 20.687 .204 20.689 .109 nan nan nan nan nan nan nan nan
2451482.61 20.500 .163 20.966 .116 20.157 .079 19.360 .056 19.592 .147 19.471 .219
2451482.62 nan nan nan nan 19.909 .166 19.489 .080 19.328 .247 nan nan
2451482.63 nan nan 20.691 .222 20.141 .198 19.559 .087 19.316 .314 nan nan
2451483.65 nan nan nan nan 19.609 .039 19.167 .044 18.990 .051 18.668 .071
2451483.66 nan nan nan nan 19.673 .036 nan nan nan nan nan nan
2451484.55 20.981 .173 20.339 .055 19.058 .019 18.608 .023 18.510 .033 18.165 .034
2451484.58 nan nan 20.183 .119 18.951 .043 18.569 .023 18.344 .068 nan nan
2451484.59 nan nan 20.058 .107 18.922 .054 18.533 .027 18.388 .064 nan nan
2451485.6 20.040 .132 19.509 .029 18.461 .019 18.014 .024 17.969 .034 17.800 .051
2451486.54 19.248 .041 18.920 .017 18.107 .015 17.715 .017 17.633 .017 17.417 .025
2451486.62 nan nan 18.928 .044 17.988 .028 17.676 .015 17.547 .040 nan nan
2451486.62 nan nan 18.928 .044 17.988 .028 17.676 .015 17.547 .040 nan nan
2451486.63 nan nan 18.858 .042 17.988 .025 17.666 .015 17.601 .041 nan nan
2451486.63 nan nan 18.858 .042 17.988 .025 17.666 .015 17.601 .041 nan nan
2451487.53 18.788 .033 18.525 .014 17.791 .015 17.431 .015 17.354 .019 17.101 .021
2451488.5 nan nan nan nan 17.570 .027 nan nan nan nan nan nan
2451488.53 nan nan nan nan 17.613 .020 nan nan nan nan nan nan
2451488.58 18.422 .029 18.252 .015 17.547 .017 17.254 .016 17.161 .015 16.884 .019
2451488.63 18.359 .145 18.236 .024 17.494 .017 17.200 .011 17.072 .022 nan nan
2451488.64 18.307 .150 18.212 .024 17.476 .015 17.194 .011 17.004 .018 nan nan
2451489.53 18.196 .030 18.021 .014 17.368 .015 17.077 .017 16.943 .017 16.707 .018
2451490.53 17.975 .022 17.831 .014 17.217 .015 16.915 .017 16.801 .016 nan nan
2451490.63 17.762 .094 17.835 .017 17.141 .015 16.859 .011 16.735 .017 nan nan
2451490.64 17.686 .083 17.811 .017 17.136 .015 16.863 .011 16.748 .017 nan nan
2451492.52 17.679 .018 17.550 .014 16.968 .015 16.683 .015 16.514 .015 nan nan
2451492.62 17.426 .069 17.556 .017 16.931 .015 16.643 .011 16.490 .015 nan nan
2451492.63 17.783 .135 17.565 .017 16.906 .015 16.642 .011 16.488 .015 nan nan
2451493.54 17.563 .017 17.470 .014 16.900 .015 16.585 .015 16.427 .015 nan nan
2451495.57 17.460 .017 17.379 .014 16.777 .015 16.460 .015 16.278 .016 nan nan
2451495.59 17.304 .057 17.391 .017 16.720 .015 16.424 .011 16.233 .015 nan nan
2451495.6 17.265 .064 17.395 .017 16.719 .015 16.412 .011 16.222 .015 nan nan
2451496.56 17.503 .017 17.355 .014 16.740 .015 16.393 .015 16.185 .015 nan nan
2451496.66 nan nan 17.326 .013 nan nan 16.407 .015 nan nan nan nan
2451497.54 17.486 .108 17.340 .019 16.653 .015 16.329 .011 16.094 .015 nan nan
2451497.55 17.371 .058 17.353 .017 16.665 .015 16.335 .011 16.116 .015 nan nan
2451498.54 17.520 .070 17.364 .017 16.627 .015 16.298 .011 16.068 .015 nan nan
2451498.54 17.537 .017 nan nan nan nan nan nan nan nan nan nan
2451498.55 17.454 .077 17.351 .019 16.647 .015 16.310 .011 16.072 .015 nan nan
2451498.56 17.559 .022 17.332 .014 16.668 .015 16.331 .015 16.097 .015 nan nan
2451498.57 nan nan 17.334 .014 16.670 .015 16.325 .015 16.103 .015 nan nan
2451499.56 17.562 .060 17.363 .017 16.615 .015 16.285 .011 16.029 .015 nan nan
2451499.57 17.528 .079 17.375 .017 16.629 .015 16.283 .011 16.015 .015 nan nan
2451499.66 17.607 .022 17.376 .014 16.671 .015 16.299 .015 16.050 .015 nan nan
2451500.54 17.574 .070 17.408 .017 16.628 .015 16.263 .011 15.986 .015 nan nan
2451500.55 17.614 .085 17.411 .017 16.608 .015 16.257 .011 15.983 .015 nan nan
2451501.52 17.618 .103 17.450 .017 16.600 .015 16.247 .011 15.984 .015 nan nan
2451501.53 17.720 .090 17.418 .017 16.619 .015 16.253 .011 15.967 .015 nan nan
2451501.55 17.855 .026 nan nan nan nan nan nan nan nan nan nan
2451501.57 17.811 .027 17.474 .014 16.680 .015 16.285 .015 16.039 .015 15.823 .015
2451503.52 17.981 .159 17.541 .017 16.660 .015 16.260 .011 15.966 .015 nan nan
2451503.53 18.214 .167 17.563 .017 16.639 .015 16.267 .011 15.974 .015 nan nan
2451504.53 nan nan 17.623 .021 16.691 .015 16.279 .011 15.988 .015 nan nan
2451504.54 nan nan 17.620 .020 16.678 .015 16.270 .011 15.970 .015 nan nan
2451505.52 nan nan 17.717 .020 16.723 .015 16.316 .011 15.988 .015 nan nan
2451505.53 18.352 .155 17.708 .019 16.716 .015 16.294 .011 15.994 .015 nan nan
2451506.55 18.484 .050 17.815 .014 16.845 .015 16.343 .015 16.072 .015 15.855 .017
2451507.58 nan nan 17.932 .024 16.851 .015 16.398 .011 16.038 .015 nan nan
2451507.59 nan nan 17.930 .024 16.877 .015 16.390 .011 16.070 .015 nan nan
2451508.54 nan nan 18.066 .018 16.922 .015 16.448 .011 16.089 .015 nan nan
2451508.55 nan nan 18.060 .018 16.907 .015 16.433 .011 16.120 .015 nan nan
2451508.58 18.966 .041 18.062 .014 16.972 .015 16.435 .015 16.130 .015 15.875 .015
2451509.55 19.041 .045 18.154 .014 nan nan 16.496 .015 16.173 .015 15.925 .015
2451511.56 nan nan 18.437 .021 17.203 .015 16.654 .011 16.232 .015 nan nan
2451511.57 nan nan 18.452 .023 17.196 .015 16.651 .011 16.244 .015 nan nan
2451513.59 nan nan 18.674 .057 17.421 .025 16.799 .013 16.337 .020 nan nan
2451513.6 nan nan 18.580 .049 17.371 .023 16.782 .013 16.337 .021 nan nan
2451515.59 nan nan 18.801 .052 17.514 .021 16.937 .012 16.484 .021 nan nan
2451515.6 nan nan 18.942 .052 17.489 .020 16.921 .012 16.452 .016 nan nan
2451517.53 nan nan 19.035 .040 17.663 .018 17.046 .012 16.573 .016 nan nan
2451517.54 nan nan 19.073 .042 17.688 .017 17.058 .011 16.568 .017 nan nan
2451519.53 nan nan 19.173 .053 17.803 .020 17.162 .012 16.629 .020 nan nan
2451519.54 nan nan 19.214 .053 17.774 .016 17.162 .011 16.639 .017 nan nan
2451521.58 nan nan 19.202 .046 17.894 .024 17.245 .013 16.684 .020 nan nan
2451521.59 nan nan 19.254 .045 17.875 .029 17.242 .014 16.770 .020 nan nan
