#jd epoch u du B dB V dV g dg r dr i di z dz 
2454530.70 nan nan nan nan nan nan 16.756 0.053 15.990 0.039 16.194 0.055 16.127 0.133 
2454530.79 nan nan nan nan nan nan 16.802 0.089 16.034 0.076 16.185 0.038 16.093 0.031 
2454530.90 nan nan nan nan nan nan 16.765 0.076 16.037 0.055 16.184 0.117 nan nan 
2454531.58 nan nan 17.323 0.210 16.290 0.067 nan nan 15.826 0.056 15.867 0.055 nan nan 
2454531.70 nan nan nan nan nan nan 16.615 0.030 15.792 0.050 15.946 0.085 15.884 0.056 
2454531.79 nan nan nan nan nan nan 16.657 0.139 15.781 0.048 15.997 0.126 15.837 0.087 
2454531.87 nan nan nan nan nan nan 16.634 0.098 15.806 0.103 15.950 0.065 15.874 0.118 
2454531.96 nan nan nan nan nan nan 16.614 0.033 15.785 0.039 16.006 0.105 15.817 0.026 
2454532.04 nan nan nan nan nan nan 16.587 0.060 nan nan nan nan nan nan 
2454532.55 nan nan 17.021 0.032 15.952 0.042 nan nan 15.509 0.024 15.576 0.027 nan nan 
2454533.03 nan nan nan nan nan nan 16.277 0.102 15.395 0.129 nan nan nan nan 
2454533.53 17.794 0.069 16.548 0.029 15.528 0.014 nan nan 15.233 0.019 15.258 0.017 nan nan 
2454533.69 nan nan nan nan nan nan 15.992 0.072 15.265 0.109 15.377 0.099 nan nan 
2454533.78 nan nan nan nan nan nan 16.004 0.053 15.206 0.085 15.359 0.104 15.190 0.085 
2454533.86 nan nan nan nan nan nan 16.012 0.079 nan nan nan nan nan nan 
2454534.57 17.226 0.040 16.082 0.017 15.270 0.011 nan nan 14.974 0.012 15.012 0.011 nan nan 
2454535.60 16.746 0.035 15.766 0.018 14.983 0.012 nan nan 14.778 0.012 14.771 0.009 nan nan 
2454536.49 16.435 0.036 15.545 0.021 14.819 0.013 nan nan 14.654 0.016 14.624 0.014 nan nan 
2454536.68 nan nan nan nan nan nan 15.236 0.043 14.745 0.227 14.678 0.087 14.451 0.080 
2454537.47 16.002 0.034 15.264 0.014 14.592 0.011 nan nan 14.416 0.013 14.461 0.013 nan nan 
2454537.77 nan nan nan nan nan nan 14.965 0.084 14.443 0.025 14.451 0.095 14.362 0.131 
2454538.68 nan nan nan nan nan nan 14.888 0.059 14.342 0.034 14.344 0.067 14.283 0.124 
2454539.68 nan nan nan nan nan nan 14.689 0.053 14.257 0.034 14.186 0.075 14.061 0.085 
2454540.42 15.298 0.028 14.695 0.013 14.133 0.010 nan nan 14.007 0.012 13.932 0.010 nan nan 
2454541.43 15.099 0.031 14.538 0.015 14.005 0.010 nan nan 13.907 0.014 13.856 0.013 nan nan 
2454543.55 14.759 0.031 14.354 0.016 13.808 0.010 nan nan 13.710 0.012 13.633 0.011 nan nan 
2454543.67 nan nan nan nan nan nan 14.145 0.181 13.749 0.102 13.641 0.132 nan nan 
2454544.36 14.700 0.040 14.338 0.014 13.714 0.010 nan nan 13.677 0.011 13.546 0.010 nan nan 
2454544.66 nan nan nan nan nan nan 14.147 0.050 13.714 0.083 13.564 0.062 13.561 0.052 
2454545.87 nan nan nan nan nan nan nan nan 13.608 0.061 13.533 0.037 13.537 0.068 
2454546.66 nan nan nan nan nan nan nan nan nan nan nan nan 13.449 0.056 
2454547.36 14.669 0.300 14.165 0.020 13.546 0.012 nan nan 13.448 0.011 13.345 0.010 nan nan 
2454549.65 nan nan nan nan nan nan 13.971 0.050 13.436 0.030 13.366 0.069 13.456 0.338 
2454550.65 nan nan nan nan nan nan 14.025 0.122 13.458 0.094 13.315 0.126 13.396 0.228 
2454551.64 nan nan nan nan nan nan 13.981 0.019 13.454 0.149 13.322 0.075 13.274 0.046 
2454552.68 nan nan nan nan nan nan 14.034 0.038 13.420 0.033 13.259 0.123 13.312 0.238 
2454553.64 nan nan nan nan nan nan 14.117 0.049 13.429 0.092 13.287 0.144 13.276 0.095 
2454554.37 15.849 0.029 14.545 0.015 13.657 0.009 nan nan 13.406 0.011 13.270 0.010 nan nan 
2454554.66 nan nan nan nan nan nan 14.161 0.062 13.471 0.047 13.328 0.098 13.325 0.087 
2454555.47 16.149 0.026 nan nan nan nan nan nan nan nan nan nan nan nan 
2454556.56 16.441 0.025 14.877 0.012 13.837 0.009 nan nan 13.578 0.011 13.371 0.009 nan nan 
2454556.75 nan nan nan nan nan nan 14.391 0.111 13.574 0.056 13.380 0.110 nan nan 
2454557.37 16.719 0.034 15.060 0.014 13.915 0.010 nan nan 13.642 0.011 13.398 0.015 nan nan 
2454557.64 nan nan nan nan nan nan 14.515 0.049 13.658 0.118 13.432 0.127 13.383 0.041 
2454558.34 16.892 0.064 15.254 0.021 13.996 0.013 nan nan 13.680 0.018 13.428 0.018 nan nan 
2454558.63 nan nan nan nan nan nan 14.676 0.097 13.701 0.020 13.528 0.082 13.489 0.115 
2454559.70 nan nan nan nan nan nan 14.669 0.049 13.759 0.122 13.482 0.035 nan nan 
2454560.48 17.325 0.034 15.460 0.014 14.168 0.009 nan nan 13.821 0.013 13.525 0.018 nan nan 
2454560.63 nan nan nan nan nan nan 14.828 0.074 13.856 0.109 13.566 0.068 nan nan 
2454561.75 17.518 0.032 15.587 0.013 14.244 0.010 nan nan 13.902 0.012 13.567 0.011 nan nan 
2454562.38 17.606 0.069 15.636 0.017 14.346 0.012 nan nan 13.962 0.012 13.621 0.011 nan nan 
2454569.37 18.044 0.056 16.066 0.014 14.687 0.012 nan nan 14.305 0.011 13.895 0.009 nan nan 
2454571.37 18.078 0.044 16.133 0.017 14.741 0.011 nan nan 14.401 0.012 13.972 0.010 nan nan 
2454572.37 18.090 0.089 16.162 0.018 14.796 0.012 nan nan 14.423 0.014 13.992 0.039 nan nan 
2454573.38 18.095 0.032 16.177 0.014 14.832 0.011 nan nan 14.436 0.013 14.012 0.015 nan nan 
2454575.36 18.099 0.062 16.231 0.021 14.867 0.010 nan nan 14.482 0.011 14.065 0.010 nan nan 
2454576.37 18.106 0.041 16.255 0.015 14.903 0.011 nan nan 14.528 0.013 14.096 0.011 nan nan 
2454577.40 18.120 0.043 16.288 0.016 14.930 0.010 nan nan 14.571 0.011 14.124 0.010 nan nan 
2454578.37 18.126 0.043 16.293 0.019 14.951 0.011 nan nan 14.586 0.016 14.147 0.013 nan nan 
2454579.38 18.124 0.038 16.293 0.017 14.961 0.011 nan nan 14.607 0.011 14.160 0.016 nan nan 
2454581.50 18.151 0.070 nan nan nan nan nan nan nan nan nan nan nan nan 
2454586.68 nan nan 16.425 0.038 15.114 0.015 nan nan 14.800 0.014 nan nan nan nan 
2454592.82 nan nan nan nan nan nan 15.888 0.037 14.896 0.038 14.548 0.049 14.070 0.056 
2454594.72 nan nan nan nan nan nan 15.910 0.052 14.958 0.045 14.590 0.056 14.094 0.058 
2454596.37 nan nan 16.554 0.020 15.324 0.010 nan nan 15.033 0.012 14.583 0.010 nan nan 
2454596.73 nan nan nan nan nan nan 15.920 0.034 15.041 0.102 14.627 0.053 14.137 0.041 
2454599.38 18.149 0.031 16.571 0.017 15.376 0.010 nan nan 15.100 0.011 14.611 0.012 nan nan 
