#jd  epoch U dU B dB V dV R dR I dI z dz 
2452928.70 nan nan nan nan nan nan 19.0 08 nan nan nan nan 
2452938.72 nan nan 16.48 .05 16.24 .23 16.15 .02 15.91 .03 nan nan 
2452939.73 nan nan 16.39 .02 16.12 .24 16.02 .02 15.80 .02 nan nan 
2452940.65 nan nan 16.43 .04 16.10 .04 16.01 .03 15.81 .04 nan nan 
2452941.70 nan nan 16.35 .02 15.98 .02 15.92 .02 15.68 .02 nan nan 
2452942.91 nan nan 16.33 .03 16.06 .05 15.91 .05 15.71 .10 nan nan 
2452944.38 nan nan 16.41 .05 16.01 .02 15.93 .02 15.59 .02 nan nan 
2452945.69 nan nan 16.53 .20 16.00 .03 15.84 .03 15.58 .06 nan nan 
2452954.74 nan nan 17.73 .25 16.56 .05 16.19 .05 15.71 .06 nan nan 
2452955.34 nan nan 17.61 .07 16.55 .03 16.20 .04 15.82 .02 nan nan 
2452955.74 nan nan 17.82 .10 16.72 .03 16.31 .08 nan nan nan nan 
2452956.24 nan nan 17.69 .10 16.60 .06 16.20 .03 15.78 .03 nan nan 
2452956.74 nan nan 17.86 .04 16.68 .03 16.24 .11 nan nan nan nan 
2452957.17 nan nan 17.96 .12 16.75 .02 16.38 .03 15.88 .03 nan nan 
2452958.17 nan nan 17.95 .08 16.79 .06 16.41 .07 16.03 .06 nan nan 
2452958.44 nan nan 18.03 .03 16.85 .02 16.42 .02 15.91 .02 nan nan 
2452958.44 nan nan 18.03 .03 16.85 .02 16.45 .02 15.91 .02 nan nan 
2452959.18 nan nan 18.10 .10 16.93 .05 16.50 .09 16.05 .06 nan nan 
2452959.74 nan nan 18.02 .06 16.92 .03 16.56 .03 16.00 .02 nan nan 
2452960.18 nan nan 18.26 .12 17.09 .07 16.63 .07 16.07 .06 nan nan 
2452961.18 nan nan 18.17 .05 17.06 .05 16.63 .05 16.16 .10 nan nan 
2452961.74 nan nan 18.32 .12 17.11 .08 16.67 .08 16.20 .08 nan nan 
2452962.17 nan nan 18.27 .06 17.10 .02 16.70 .10 16.19 .10 nan nan 
2452962.35 nan nan 18.39 .06 17.13 .04 16.73 .02 16.11 .02 nan nan 
2452962.74 nan nan 18.32 .09 17.08 .04 16.73 .03 16.14 .03 nan nan 
2452963.74 nan nan 18.33 .08 17.16 .02 16.82 .02 16.26 .03 nan nan 
2452964.74 nan nan nan nan 17.25 .04 16.89 .02 16.31 .07 nan nan 
2452966.74 nan nan 18.68 .23 17.40 .14 16.97 .08 16.41 .05 nan nan 
2452967.74 nan nan 18.52 .16 17.38 .07 17.04 .11 16.49 .07 nan nan 
2452968.17 nan nan 18.73 .08 17.52 .04 17.15 .04 16.60 .05 nan nan 
2452968.74 nan nan 18.71 .07 17.51 .04 17.15 .05 16.49 .05 nan nan 
2452969.22 nan nan 18.71 .13 17.55 .03 17.23 .03 16.53 .03 nan nan 
2452970.17 nan nan nan nan 17.61 .03 17.22 .04 16.69 .06 nan nan 
2452970.74 nan nan 18.69 .05 17.63 .04 17.27 .03 16.66 .03 nan nan 
2452971.93 nan nan 18.68 .06 17.67 .10 17.22 .10 16.66 .05 nan nan 
2452972.74 nan nan 18.82 .28 17.76 .26 17.42 .27 16.79 .32 nan nan 
2452973.18 nan nan 18.91 .14 17.73 .06 17.44 .03 16.80 .04 nan nan 
2452976.74 nan nan 18.85 .10 17.90 .08 nan nan nan nan nan nan 
2452978.74 nan nan 18.95 .08 17.94 .04 17.63 .03 16.92 .03 nan nan 
2452979.74 nan nan nan nan 18.01 .05 17.68 .04 16.90 .04 nan nan 
2452981.27 nan nan 18.93 .22 18.08 .12 17.68 .05 16.98 .03 nan nan 
2452982.27 nan nan nan nan 18.12 .17 17.75 .08 17.05 .07 nan nan 
2452983.19 nan nan 19.13 .21 18.09 .08 17.81 .05 17.12 .07 nan nan 
2452983.19 nan nan nan nan 18.22 .12 17.81 .06 16.92 .13 nan nan 
2452984.22 nan nan 19.05 .12 18.14 .05 17.77 .04 17.09 .04 nan nan 
2452984.22 nan nan 19.20 .29 18.12 .06 17.82 .03 17.14 .04 nan nan 
2452985.17 nan nan 19.12 .10 18.15 .04 17.83 .04 17.15 .05 nan nan 
2452986.19 nan nan nan nan 18.32 .21 17.90 .06 17.09 .11 nan nan 
2452986.32 nan nan 19.11 .21 18.13 .16 17.83 .08 17.12 .08 nan nan 
2452989.19 nan nan nan nan 18.22 .10 17.94 .04 17.31 .08 nan nan 
2452990.18 nan nan nan nan 18.25 .05 18.00 .03 17.31 .04 nan nan 
2452991.17 nan nan nan nan 18.28 .06 18.00 .06 17.29 .03 nan nan 
2452991.74 nan nan 19.19 .10 18.29 .07 17.97 .05 17.28 .07 nan nan 
2452991.74 nan nan 19.18 .07 18.31 .16 18.07 .05 17.37 .10 nan nan 
2452992.74 nan nan nan nan 18.40 .08 18.08 .09 17.33 .10 nan nan 
2452993.74 nan nan 19.26 .17 18.43 .10 18.16 .25 17.30 .16 nan nan 
2452998.28 nan nan nan nan 18.51 .11 18.28 .21 17.54 .08 nan nan 
2453000.94 nan nan 19.39 .15 18.55 .15 18.27 .16 17.59 .19 nan nan 
2453006.17 nan nan nan nan 18.71 .11 18.41 .12 17.72 .08 nan nan 
2453010.74 nan nan 19.2 nan 18.73 .12 18.47 .11 17.7 nan nan nan 
2453013.21 nan nan nan nan 18.84 .15 18.56 .14 17.98 .12 nan nan 
2453013.74 nan nan nan nan 18.77 .15 18.58 .25 nan nan nan nan 
2453016.21 nan nan nan nan 18.89 .05 18.60 .05 18.01 .11 nan nan 
2453017.74 nan nan 19.73 .17 18.86 .15 18.60 .13 18.07 .21 nan nan 
2453018.74 nan nan 19.62 .22 18.92 .17 18.54 .17 18.11 .23 nan nan 
2453020.19 nan nan nan nan nan nan 18.70 .10 nan nan nan nan 
2453020.74 nan nan 19.60 .24 18.97 .12 18.60 .16 18.08 .26 nan nan 
2453022.19 nan nan nan nan 18.96 .09 18.70 .11 18.31 .16 nan nan 
2453022.74 nan nan 19.72 .21 18.80 .11 18.66 .16 18.30 .17 nan nan 
2453024.74 nan nan 19.3 nan 18.93 .27 18.81 .17 18.1 nan nan nan 
2453027.18 nan nan nan nan nan nan 18.4 nan 18.5 nan nan nan 
2453031.18 nan nan nan nan nan nan 18.2 nan nan nan nan nan 
2453259.10 nan nan 23.00 .21 nan nan 21.92 .31 nan nan nan nan 
2453259.10 nan nan nan nan 23.38 .40 nan nan nan nan nan nan 
2453324.02 nan nan 23.90 .31 24.38 .35 23.61 .50 23.0 nan nan nan 
2453730.1 nan nan 21.6 nan 21.3 nan 20.6 nan 21.2 nan nan nan 
