#jd epoch U dU B dB V dV R dR I dI z dz  
2454330.57	13.549	0.023	13.987	0.023	13.695	0.024	13.519	0.024	13.430	0.024 nan nan 
2454330.70	13.602	0.025	13.821	0.057	13.588	0.037	13.535	0.041	13.510	0.057 nan nan 
2454332.68	13.326	0.024	13.672	0.020	13.185	0.030	13.214	0.027	13.063	0.029 nan nan 
2454332.70	13.348	0.023	13.653	0.023	13.214	0.024	13.278	0.041	13.083	0.057 nan nan 
2454333.73	13.258	0.023	13.549	0.022	13.086	0.023	13.045	0.025	nan 	nan  nan nan 
2454334.63	13.291	0.025	13.481	0.025	13.046	0.024	12.887	0.023	12.858	0.024 nan nan 
2454334.70	nan 	nan 	13.509	0.023	13.000	0.033	12.969	0.026	nan 	nan  nan nan 
2454335.74	13.345	0.025	13.512	0.037	12.981	0.028	12.919	0.054	12.839	0.069 nan nan 
2454336.51	13.340	0.026	13.511	0.021	12.947	0.020	12.837	0.020	12.731	0.020 nan nan 
2454336.60	 nan	 nan	13.438	0.025	12.960	0.025	12.834	0.026	12.674	0.026 nan nan 
2454338.53	 nan	 nan	13.495	0.025	12.882	0.023	12.732	0.024	12.717	0.023 nan nan 
2454338.60	 nan	 nan	13.468	0.026	12.904	0.026	12.770	0.032	12.645	0.026 nan nan 
2454339.43	 nan	 nan	13.580	0.030	12.916	0.027	12.810	0.045	nan 	nan  nan nan 
2454339.60	 nan	 nan	13.531	0.021	12.908	0.020	12.741	0.032	12.620	0.022 nan nan 
2454342.37	14.182	0.030	13.730	0.022	13.049	0.030	12.787	0.024	12.611	0.040 nan nan 
2454342.52	 nan	 nan	nan 	nan 	13.070	0.100	12.780	0.060	12.608	0.030 nan nan 
2454344.28	 nan	 nan	13.939	0.100	13.163	0.100	12.832	0.100	12.650	0.100 nan nan 
2454347.27	14.890	0.150	14.200	0.150	13.265	0.150	12.897	0.150	12.736	0.150 nan nan 
2454350.49	 nan	 nan	14.580	0.022	13.579	0.023	13.097	0.023	12.766	0.022 nan nan 
2454350.67	15.280	0.026	14.443	0.044	13.516	0.028	13.154	0.055	12.827	0.031 nan nan 
2454353.67	15.613	0.030	14.970	0.023	13.881	0.026	13.348	0.030	12.932	0.033 nan nan 
2454355.34	15.918	0.026	15.122	0.100	13.974	0.100	13.551	0.050	13.008	0.050 nan nan 
2454356.60	 nan	 nan	15.248	0.028	14.088	0.025	13.528	0.023	13.111	0.025 nan nan 
2454357.52	 nan	 nan	15.261	0.026	14.078	0.021	13.535	0.022	13.118	0.023 nan nan 
2454357.55	 nan	 nan	15.250	0.024	14.098	0.023	13.589	0.025	13.219	0.023 nan nan 
2454357.60	 nan	 nan	15.393	0.028	14.156	0.020	13.608	0.026	13.207	0.026 nan nan 
2454358.53	16.198	0.054	15.365	0.032	14.184	0.023	13.592	0.024	13.185	0.022 nan nan 
2454358.57	16.125	0.024	15.423	0.024	14.202	0.023	13.624	0.023	13.231	0.024 nan nan 
2454359.55	 nan	nan 	nan 	nan 	nan 	nan 	13.710	0.020	13.281	0.021 nan nan 
2454360.45	16.275	0.041	15.427	0.032	14.309	0.027	13.743	0.028	13.252	0.024 nan nan 
2454360.64	 nan	 nan	15.531	0.015	14.325	0.017	13.752	0.023	13.299	0.006 nan nan 
2454362.44	16.413	0.045	15.645	0.030	14.380	0.025	13.856	0.023	13.405	0.027 nan nan 
2454363.60	 nan	 nan	15.654	0.021	14.530	0.015	13.959	0.020	13.456	0.021 nan nan 
2454364.45	16.456	0.051	15.737	0.032	14.545	0.030	13.969	0.024	13.468	0.023 nan nan 
2454364.50	 nan	 nan	15.710	0.021	14.567	0.014	14.004	0.021	13.480	0.028 nan nan 
2454365.64	16.258	0.023	15.818	0.023	14.567	0.023	14.055	0.023	13.511	0.023 nan nan 
2454368.56	16.346	0.080	15.791	0.035	14.710	0.030	14.138	0.028	13.594	0.025 nan nan 
2454370.43	16.467	0.100	15.793	0.031	14.788	0.027	14.200	0.025	13.654	0.021 nan nan 
2454371.57	16.417	0.024	15.810	0.024	14.859	0.024	14.324	0.030	13.686	0.033 nan nan 
2454373.60	16.337	0.032	15.916	0.025	14.875	0.021	14.266	0.023	13.787	0.025 nan nan 
2454375.53	 nan	 nan	15.910	0.025	14.906	0.021	14.367	0.020	13.818	0.032 nan nan 
2454381.51	 nan	 nan	15.952	0.026	15.001	0.028	14.499	0.037	13.888	0.031 nan nan 
2454382.60	 nan	 nan	15.920	0.024	15.055	0.026	14.493	0.026	13.937	0.023 nan nan 
2454382.56	 nan	 nan	15.972	0.038	15.010	0.018	14.565	0.024	13.951	0.023 nan nan 
2454383.57	 nan	 nan	16.001	0.025	15.021	0.025	14.544	0.021	13.922	0.022 nan nan 
2454384.57	 nan	 nan	15.976	0.023	15.054	0.018	14.562	0.020	13.929	0.029 nan nan 
2454385.63	 nan	 nan	16.025	0.026	15.053	0.021	14.570	0.020	13.928	0.020 nan nan 
2454389.55	 nan	 nan	16.021	0.022	15.163	0.018	14.621	0.038	13.984	0.028 nan nan 
2454390.40	16.542	0.040	16.052	0.030	15.120	0.025	14.660	0.028	14.045	0.020 nan nan 
2454392.60	 nan	 nan	15.984	0.028	15.162	0.025	14.680	0.022	14.060	0.020 nan nan 
2454390.40	16.542	0.040	16.052	0.030	15.120	0.025	14.660	0.028	14.045	0.020 nan nan 
2454392.60	 nan	 nan	15.984	0.028	15.162	0.025	14.680	0.022	14.060	0.020 nan nan 
2454394.52	16.571	0.038	16.058	0.032	15.201	0.026	14.743	0.023	14.127	0.025 nan nan 
2454396.52	 nan	 nan	16.073	0.023	15.235	0.024	14.772	0.021	14.133	0.022 nan nan 
2454398.48	16.591	0.037	16.142	0.029	15.267	0.022	14.853	0.024	14.168	0.025 nan nan 
2454402.58	16.690	0.043	16.168	0.031	15.319	0.025	14.906	0.024	14.216	0.023 nan nan 
2454403.58	 nan	 nan	16.175	0.029	15.352	0.021	14.905	0.020	14.238	0.020 nan nan 
2454406.70	16.662	0.042	16.209	0.026	15.379	0.024	14.973	0.025	14.241	0.021 nan nan 
2454410.70	16.740	0.036	16.295	0.025	15.458	0.021	15.046	0.023	14.351	0.023 nan nan 
2454417.58	 nan	 nan	16.295	0.031	15.600	0.022	15.133	0.023	14.518	0.025 nan nan 
2454418.56	16.811	0.051	16.378	0.041	15.579	0.030	15.177	0.027	14.480	0.032 nan nan 
2454425.63	 nan	 nan	16.472	0.020	nan 	nan 	15.215	0.020	nan 	nan  nan nan 
2454432.44	17.027	0.045	16.581	0.037	15.824	0.022	15.388	0.026	14.724	0.028 nan nan 
2454439.51	 nan	 nan	16.607	0.040	15.923	0.031	15.427	0.025	14.825	0.023 nan nan 
2454440.45	 nan	nan 	16.665	0.035	15.938	0.025	15.442	0.023	14.922	0.024 nan nan 
2454440.53	17.094	0.040	16.657	0.032	15.935	0.023	15.506	0.021	14.859	0.023 nan nan 
2454444.51	 nan	 nan	16.745	0.028	16.039	0.026	15.519	0.021	15.000	0.021 nan nan 
2454444.54	17.203	0.060	16.761	0.032	16.028	0.022	15.570	0.022	15.004	0.025 nan nan 
2454450.62	17.188	0.070	16.830	0.040	16.122	0.030	15.626	0.027	15.058	0.028 nan nan 
2454460.49	 nan	 nan	16.970	0.023	16.326	0.023	15.709	0.026	15.206	0.026 nan nan 
2454463.31	 nan	 nan	17.030	0.029	nan 	nan 	15.781	0.026	15.278	0.026 nan nan 
2454463.39	17.327	0.060	17.022	0.047	16.346	0.025	15.781	0.027	15.226	0.024 nan nan 
2454468.50	 nan	 nan	17.077	0.031	16.476	0.024	15.803	0.021	15.343	0.021 nan nan 
2454472.40	 nan	 nan	17.180	0.045	16.495	0.031	15.935	0.025	15.442	0.025 nan nan 
2454474.51	 nan	 nan	17.238	0.037	16.568	0.024	15.922	0.022	15.419	0.020 nan nan 
2454479.40	17.808	0.055	17.239	0.040	16.725	0.037	15.959	0.030	15.538	0.027 nan nan 
2454492.35	17.871	0.131	17.392	0.046	16.853	0.028	16.150	0.025	15.810	0.026 nan nan 
2454494.36	 nan	 nan	17.477	0.047	16.967	0.024	16.161	0.020	15.829	0.020 nan nan 
2454507.45	 nan	 nan	17.671	0.040	nan 	nan 	16.371	0.027	16.168	0.025 nan nan 
2454707.97	 nan	 nan	nan 	nan 	20.300	0.200	19.770	0.200	19.620	0.200 nan nan 
2454711.62	 nan	 nan	nan 	nan 	20.400	0.500	19.800	0.500	19.540	0.400 nan nan 
2454740.49	nan 	 nan	nan    nan	20.696	0.500	20.205	0.400	19.861	0.600 nan nan 
