;UT Date(1990)	JDa		B		V		Rc		Ic		Observerc
Jan 24.33	7915.83		17.84  0.02	15.97  0.02	15.09  0.02	 0 0  		MP
Jan 25.37	7916.87		18.03  0.03	16.10  0.02	15.22  0.02	14.50  0.02	LW
Jan 28.35	7919.85		 0 0 		16.29  0.05	15.42  0.03	 0 0 		JT/PG
Jan 28.37	7919.87		18.25  0.03	16.40  0.02	 0 0  		 0 0 		CS
Jan 29.30	7920.80		 0 0  		16.43  0.02	15.55  0.02	14.80  0.02	JT/PG
Jan 30.32	7921.82		18.39  0.02	16.56  0.02	15.62  0.02	 0 0  		CS
Feb 02.33	7924.83		18.62  0.02	16.75  0.02	15.85  0.02	 0 0 		CS
Feb 04.33	7926.83		 0 0  		16.84  0.02	 0 0  		 0 0  		MMP
Feb 04.34	7926.84		18.71  0.03	 0 0  		 0 0 		 0 0 		MMP
Feb 08.34	7930.84		18.82  0.05	16.99  0.02	16.16  0.02	 0 0  		CS
Feb 10.35	7932.85		18.69  0.03	 0 0  		 0 0 		 0 0 		KE
Feb 10.37	7932.87		18.63  0.05	17.05  0.02	16.20  0.02	 0 0  		KE
Feb 12.35	7934.85		18.77  0.05	17.10  0.02	16.28  0.02	 0 0  		KE
Feb 15.32	7937.82		18.85  0.02	17.20  0.02	16.38  0.02	15.47  0.02	LW/SH
Feb 16.32	7938.82		18.70  0.05	17.18  0.05	16.35  0.03	 0 0  		MT
Feb 18.38	7940.88		19.08  0.03	17.25  0.02	16.46  0.02	 0 0  		OB
Feb 19.21	7941.71		19.09  0.03	17.31  0.02	16.51  0.02	 0 0  		OB
Feb 23.99	7946.48		 0 0  		17.37  0.06	16.63  0.03	 0 0  		SB
Mar 05.29	7955.79		19.22  0.03	17.61  0.02	 0 0 		 0 0  		AP	
Mar 08.25	7958.75		 0 0  		17.00  0.03	 0 0  		 0 0 		MT
Mar 09.26	7959.76		19.35  0.05	17.69  0.02	 0 0  		 0 0 		AP
Mar 25.15	7975.65		 0 0  		16.50  0.02	 0 0  		 0 0  		MN
Mar 25.16	7975.66		19.56  0.03	18.05  0.02	17.39  0.02	 0 0  		MN
Apr 01.96	7983.44		 0 0 		18.00  0.08	17.56  0.03	 0 0  		SB
Apr 03.20	7984.70		19.75  0.14	18.47  0.03	17.66  0.05	16.83  0.02	MN
Apr 17.17	7998.67		19.96  0.03	18.61  0.03	17.85  0.03	16.91  0.02	MN
Apr 18.22	7999.72	   	19.86  0.08	 0 0 		17.76  0.06	 0 0  		EC
May 02.13	8013.63		20.22  0.05	18.94  0.02	18.16  0.02	17.22  0.02	LW
May 14.12	8025.62		20.31  0.07	19.25  0.03	18.35  0.02	17.47  0.02	LW
May 28.24	8039.74		 0 0 		19.51  0.02	 0 0 		 0 0 		BL
May 28.26	8039.76		 0 0 		 0 0 		18.45  0.05	 0 0 		BL
Jun 01.16	8043.66		 0 0 		 0 0 		 0 0 		17.75  0.02	BL
Jun 01.18	8043.68		 0 0 		 0 0 		18.66  0.07	 0 0 		BL
Jan 15.42	8271.92		 0 0 		 0 0 		 0 0 		21.17  0.08	BL
Jan 15.46	8271.96		 0 0 		 0 0 		22.85  0.07	 0 0 		BL
Jan 15.46	8271.97		 0 0 		24.62  0.34	 0 0 		 0 0 		BL