;JD	V 	sigma V	Telescope
9442.93	16.41 	0.25	76
9443.46	15.46	0.47	Luebeck
9444.95	14.03 	0.01	50
9445.02	14.13	0.05	
9445.87	13.78	0.04
9447.89	13.21	0.01	50
9447.97	13.20	0.01
9449.86	12.99	0.01
9452.95	12.91	0.01
9453.94	13.03	0.01	50
9453.95	13.01	0.01	
9454.82	13.10	0.01	50
9455.88	13.14	0.01	
9455.88	13.30	0.01	50
9456.83	13.37	0.02
9456.84	13.30	0.01	50
9457.82	13.46	0.01
9460.85	13.93	0.01	50
9461.82	14.08	0.02	50
9463.85	14.29 	0.02
9469.81	14.95	0.04	50
9469.82	14.90	0.03	
9470.80	15.11	0.01
9471.79	15.11	0.01
9471.79	15.12	0.04
9474.79	15.27	0.03
9475.79	15.26 	0.12
9475.81	15.45	0.06	50
9476.78	15.26	0.12
9478.80 15.43	0.02	50
9478.81	15.46	0.01
9480.78	15.55	0.04
9480.83	15.71	0.16	50
9481.81	15.56	0.02	50
9485.76	15.69	0.07
9485.77	15.71	0.04	50
9486.75	15.70	0.04	50
9490.70	15.90	0.03	50
9493.82	15.94	0.02	50
9494.87	15.89	0.01	50
9495.78	16.03	0.21
9501.86	16.18	0.07	50
9502.79	16.24	0.02	50
9504.71	16.21	0.04	50
9505.94	16.26	0.07	50
9511.71	16.48	0.04	50
9514.71	16.58	0.04	50
