;jd     v   relative to star 1 V=17.068
780.92   -0.302  0.03  -0.018  nov27
781.96   -0.383  0.03   0.000  nov28
782.97   -0.480  0.03  -0.022  nov29
783.82   -0.494  0.06   0.030  nov30  
786.05   -0.504  0.03  -0.004  dec2
785.04   -0.440  0.03   0.022  dec2dao
785.96   -0.480  0.06   0.029  dec3dao 
794.82   -0.550  0.03  -0.038  dec12dao
795.77   -0.490  0.05  -0.017  dec13dao 
798.78   -0.494  0.03   0.018  dec16 
809.77   -0.214  0.05  -0.125  dec27dao
810.80   -0.106  0.03  -0.089  dec27
813.89    0.177  0.03  -0.026  dec31dao
814.66    0.218  0.03   0.016  dec31
824.83    0.438  0.1   -0.175  jan11dao
833.85    0.776  0.04   0.007  jan19
836.81    0.877  0.04   0.015  jan22
842.76    0.929  0.04  -0.011  jan29
866.78    1.183  0.05   0.000  feb23
872.67    1.263  0.06   0.004  feb27  
893.77    1.494  0.05   0.021  mar21  
894.73    1.504  0.06  -0.001  mar22  
935.67    2.068  0.06   0.014  may02




