;jd-2451000 bla u   sigma_u	b sigma_b	v sigma_v	r sigma_r 	i sigma_i
481.550 0	19.876  0.108	20.626  0.058	20.414  0.057	20.164  0.064	19.816  0.101	
482.580 0	20.687  0.204	20.689  0.109	0 0		0 0		0 0		
482.610 0	20.500  0.163	20.966  0.116	20.157  0.079	19.360  0.056	19.592  0.147	
482.620 0	0 0		0 0		19.909  0.166	19.489  0.080	19.328  0.247	
482.630 0	0 0		20.691  0.222	20.141  0.198	19.559  0.087	19.316  0.314	
483.650 0	0 0		0 0		19.609  0.039	19.167  0.044	18.990  0.051	
483.660 0	0 0	0 0			19.673  0.036	0 0		0 0		
484.550 0	20.981  0.173	20.339  0.055	19.058  0.019	18.608  0.023	18.510  0.033	
484.580 0	0 0		20.183  0.119	18.951  0.043	18.569  0.023	18.344  0.068	
484.590 0	0 0		20.058  0.107	18.922  0.054	18.533  0.027	18.388  0.064	
485.600 0	20.040  0.132	19.509  0.029	18.461  0.019	18.014  0.024	17.969  0.034	
486.540 0	19.248  0.041	18.920  0.017	18.107  0.015	17.715  0.017	17.633  0.017	
486.620 0	0 0		18.928  0.044	17.988  0.028	17.676  0.015	17.547  0.040	
486.620 0	0 0		18.928  0.044	17.988  0.028	17.676  0.015	17.547  0.040	
486.630 0	0 0		18.858  0.042	17.988  0.025	17.666  0.015	17.601  0.041	
486.630 0	0 0		18.858  0.042	17.988  0.025	17.666  0.015	17.601  0.041	
487.530 0	18.788  0.033	18.525  0.014	17.791  0.015	17.431  0.015	17.354  0.019	
488.500 0	0 0		0 0		17.570  0.027	0 0		0 0		
488.530 0	0 0		0 0		17.613  0.020	0 0		0 0		
488.580 0	18.422  0.029	18.252  0.015	17.547  0.017	17.254  0.016	17.161  0.015	
488.630 0	18.359  0.145	18.236  0.024	17.494  0.017	17.200  0.011	17.072  0.022	
488.640 0	18.307  0.150	18.212  0.024	17.476  0.015	17.194  0.011	17.004  0.018	
489.530 0	18.196  0.030	18.021  0.014	17.368  0.015	17.077  0.017	16.943  0.017	
490.530 0	17.975  0.022	17.831  0.014	17.217  0.015	16.915  0.017	16.801  0.016	
490.630 0	17.762  0.094	17.835  0.017	17.141  0.015	16.859  0.011	16.735  0.017	
490.640 0	17.686  0.083	17.811  0.017	17.136  0.015	16.863  0.011	16.748  0.017	
492.520 0	17.679  0.018	17.550  0.014	16.968  0.015	16.683  0.015	16.514  0.015	
492.620 0	17.426  0.069	17.556  0.017	16.931  0.015	16.643  0.011	16.490  0.015	
492.630 0	17.783  0.135	17.565  0.017	16.906  0.015	16.642  0.011	16.488  0.015	
493.540 0	17.563  0.017	17.470  0.014	16.900  0.015	16.585  0.015	16.427  0.015	
495.570 0	17.460  0.017	17.379  0.014	16.777  0.015	16.460  0.015	16.278  0.016	
495.590 0	17.304  0.057	17.391  0.017	16.720  0.015	16.424  0.011	16.233  0.015	
495.600 0	17.265  0.064	17.395  0.017	16.719  0.015	16.412  0.011	16.222  0.015	
496.560 0	17.503  0.017	17.355  0.014	16.740  0.015	16.393  0.015	16.185  0.015	
496.660 0	0 0		17.326  0.013	0 0		16.407  0.015	0 0		
497.540 0	17.486  0.108	17.340  0.019	16.653  0.015	16.329  0.011	16.094  0.015	
497.550 0	17.371  0.058	17.353  0.017	16.665  0.015	16.335  0.011	16.116  0.015	
498.540 0	17.520  0.070	17.364  0.017	16.627  0.015	16.298  0.011	16.068  0.015	
498.540 0	17.537  0.017		0 0		0 0		0 0		0 0	
498.550 0	17.454  0.077	17.351  0.019	16.647  0.015	16.310  0.011	16.072  0.015	
498.560 0	17.559  0.022	17.332  0.014	16.668  0.015	16.331  0.015	16.097  0.015	
498.570 0	0 0		17.334  0.014	16.670  0.015	16.325  0.015	16.103  0.015	
499.560 0	17.562  0.060	17.363  0.017	16.615  0.015	16.285  0.011	16.029  0.015	
499.570 0	17.528  0.079	17.375  0.017	16.629  0.015	16.283  0.011	16.015  0.015	
499.660 0	17.607  0.022	17.376  0.014	16.671  0.015	16.299  0.015	16.050  0.015	
500.540 0	17.574  0.070	17.408  0.017	16.628  0.015	16.263  0.011	15.986  0.015	
500.550 0	17.614  0.085	17.411  0.017	16.608  0.015	16.257  0.011	15.983  0.015	
501.520 0	17.618  0.103	17.450  0.017	16.600  0.015	16.247  0.011	15.984  0.015	
501.530 0	17.720  0.090	17.418  0.017	16.619  0.015	16.253  0.011	15.967  0.015	
501.550 0	17.855  0.026	0 0		0 0		0 0		0 0		
501.570 0	17.811  0.027	17.474  0.014	16.680  0.015	16.285  0.015	16.039  0.015	
503.520 0	17.981  0.159	17.541  0.017	16.660  0.015	16.260  0.011	15.966  0.015	
503.530 0	18.214  0.167	17.563  0.017	16.639  0.015	16.267  0.011	15.974  0.015	
504.530 0	0 0		17.623  0.021	16.691  0.015	16.279  0.011	15.988  0.015	
504.540 0	0 0		17.620  0.020	16.678  0.015	16.270  0.011	15.970  0.015	
505.520 0	0 0		17.717  0.020	16.723  0.015	16.316  0.011	15.988  0.015	
505.530 0	18.352  0.155	17.708  0.019	16.716  0.015	16.294  0.011	15.994  0.015	
506.550 0	18.484  0.050	17.815  0.014	16.845  0.015	16.343  0.015	16.072  0.015	
507.580 0	0 0		17.932  0.024	16.851  0.015	16.398  0.011	16.038  0.015	
507.590 0	0 0		17.930  0.024	16.877  0.015	16.390  0.011	16.070  0.015	
508.540 0	0 0		18.066  0.018	16.922  0.015	16.448  0.011	16.089  0.015	
508.550 0	0 0		18.060  0.018	16.907  0.015	16.433  0.011	16.120  0.015	
508.580 0	18.966  0.041	18.062  0.014	16.972  0.015	16.435  0.015	16.130  0.015	
509.550 0	19.041  0.045	18.154  0.014	0 0		16.496  0.015	16.173  0.015	
511.560 0	0 0		18.437  0.021	17.203  0.015	16.654  0.011	16.232  0.015	
511.570 0	0 0		18.452  0.023	17.196  0.015	16.651  0.011	16.244  0.015	
513.590 0	0 0		18.674  0.057	17.421  0.025	16.799  0.013	16.337  0.020	
513.600 0	0 0		18.580  0.049	17.371  0.023	16.782  0.013	16.337  0.021	
515.590 0	0 0		18.801  0.052	17.514  0.021	16.937  0.012	16.484  0.021	
515.600 0	0 0		18.942  0.052	17.489  0.020	16.921  0.012	16.452  0.016	
517.530 0	0 0		19.035  0.040	17.663  0.018	17.046  0.012	16.573  0.016	
517.540 0	0 0		19.073  0.042	17.688  0.017	17.058  0.011	16.568  0.017	
519.530 0	0 0		19.173  0.053	17.803  0.020	17.162  0.012	16.629  0.020	
519.540 0	0 0		19.214  0.053	17.774  0.016	17.162  0.011	16.639  0.017	
521.580 0	0 0		19.202  0.046	17.894  0.024	17.245  0.013	16.684  0.020	
521.590 0	0 0		19.254  0.045	17.875  0.029	17.242  0.014	16.770  0.020	

